File Name	Original	LZW 		MYLZW do nothing	   MYLZW  reset           MYLZW monitor		    7-ZIP	
											
		Size     Size    Ratio          Size    Ratio           Size      Ratio        Size        Ratio        Size	Ratio
		(KB)	(KB)			(KB)			(KB)			(KB)			(KB)	

All.tar		 2890	1760	1.642045	1700	1.7		1120	2.580357143	1730	1.670520231	809	3.572311496
Assig2.doc	 85	72.8	1.167582418	39.1	2.173913043	39.1	2.173913043	39.1	2.173913043	20.2	4.207920792
Bmps.tar	 1050	903	1.162790698	79	13.29113924	79	13.29113924	79	13.29113924	52.8	19.88636364
Code.txt	 70.6	30.2	2.337748344	23.9	2.953974895	23.9	2.953974895	23.9	2.953974895	13.7	5.153284672
Code2.txt	 56.3	23.5	2.395744681	20	2.815		20	2.815		20	2.815		12	4.691666667
Frosty.jpg	 123	138	0.891304348	159	0.773584906	167	0.736526946	159	0.773584906	123	1
Gone_fishing.bmp 16.9	9.06	1.865342163	8.75	1.931428571	8.75	1.931428571	8.75	1.931428571	7.97	2.120451694
Large.txt	 1160	591	1.962774958	490	2.367346939	515	2.252427184	490	2.367346939	392	2.959183673
Lego_big.gif	 91.1	125	0.7288		119	0.765546218	119	0.765546218	119	0.765546218	90.2	1.009977827
Medium.txt	 24.8	12.8	1.9375		12.2	2.032786885	12.2	2.032786885	12.2	2.032786885	10.1	2.455445545
Texts.tar	 1310	988	1.325910931	583	2.246998285	576	2.274305556	583	2.246998285	426	3.075117371
Wacky.bmp	 900	4.2	214.2857143	3.85	233.7662338	3.85	233.7662338	3.85	233.7662338	2.1	428.5714286
Winnt256.bmp	 153	155	0.987096774	61.4	2.491856678	61.4	2.491856678	61.4	2.491856678	42.8	3.574766355
Edit.exe	 230	244	0.942622951	152	1.513157895	148	1.554054054	152	1.513157895	96	2.395833333
